[4.322222222222222, 0.6777777777777778]
[4.322222222222222, 0.6777777777777778]
[4.322315555555556, 0.6777777777777778]
[4.314262222222222, 0.6777777777777778]
[4.31002, 0.6777777777777778]
[4.309424444444445, 0.6777777777777778]
[4.308417777777778, 0.6777777777777778]
[4.301448888888889, 0.6777777777777778]
[4.285012222222222, 0.6777777777777778]
[4.2719711320741425, 0.6777544856585224]
[4.261830094321343, 0.6777395064252096]
[4.244510867110782, 0.6772072855911276]
[4.224931552580949, 0.6755441003033845]
[4.212608239223958, 0.6734293876005456]
[4.194396152682364, 0.669264239803435]
[4.177492315382488, 0.663163169165621]
[4.1632927509128015, 0.6555395061521124]
[4.160190901984088, 0.6526036409834116]
[4.155995931415859, 0.6484610539907792]
[4.151110711869425, 0.6423419053217087]
[4.149337448220187, 0.6382601329892786]
[4.151486624720565, 0.6420192053218673]
[4.152293641172218, 0.6470462304302071]
[4.15140243768957, 0.6575142072628203]
[4.146598214549891, 0.6704129788242218]
[4.1371711364046275, 0.683490317657257]
[4.120530738727747, 0.6974550615823658]
[4.0987972062572675, 0.7098445476645625]
[4.0796651630914464, 0.717444161133139]
[4.063189863464363, 0.721373329403675]
[4.045385258862633, 0.72466724147952]
[4.029031649449581, 0.727573466320117]
[4.006042197938873, 0.732110621564138]
[3.981661710994448, 0.7382708667789297]
[3.9524698140884733, 0.7473448678854453]
[3.921928886429799, 0.7598559386204771]
[3.892030016426702, 0.7747459514329594]
[3.8601107958690353, 0.7941920003452844]
[3.8329073765180675, 0.8130673648112712]
[3.803173354995709, 0.835448001320804]
[3.774447160567063, 0.8591423458501658]
[3.749583880864834, 0.8812178465458376]
[3.730921095283688, 0.8981332296551019]
[3.709458417173621, 0.9153390185371632]
[3.6817377593205753, 0.9367715695990004]
[3.65979044809655, 0.9536950667227881]
[3.6421860099018666, 0.9668787989663987]
[3.6151003058097206, 0.9860598820566101]
[3.5889412064166715, 1.005143581357581]
[3.5623595420633696, 1.0257586378738996]
[3.5342178698054956, 1.0495902394598131]
[3.5099075435353004, 1.071775723017837]
[3.486990676415209, 1.0938648433755784]
[3.461047051192158, 1.1195430633838868]
[3.4380621225394252, 1.143074242000118]
[3.4149161391448923, 1.16745800428349]
[3.3921580524515624, 1.1918988103036035]
[3.369372131324199, 1.216596381104858]
[3.347929837518085, 1.2402495123036286]
[3.326198916633917, 1.2643127944386183]
[3.304504211247894, 1.2885753551019783]
[3.282888382792999, 1.3128565569850728]
[3.2624171414180023, 1.3360938460330503]
[3.241432267092585, 1.359804262278594]
[3.2206449322792654, 1.3835317512130414]
[3.199892429019612, 1.4070894926558613]
[3.180118316680825, 1.4297814358403418]
[3.160004593475814, 1.4526996446385643]
[3.1404957586281257, 1.4747699359284059]
[3.12306422804346, 1.4935752742789268]
[3.106867049550858, 1.510711344377023]
[3.0905806858397296, 1.5277540776647265]
[3.0756813694263223, 1.5431661110401458]
[3.0623829706572705, 1.5562799563881224]
[3.0497385565622372, 1.5684721940277042]
[3.037909479779794, 1.5793674273172165]
[3.026811494382207, 1.5890234674199044]
[3.017677522738806, 1.595676520409785]
[3.0070632279254834, 1.6031097730107844]
[2.999034297502218, 1.607879622203936]
[2.992015042778403, 1.6113783590590087]
[2.984890263380313, 1.614524316864653]
[2.9782504700007313, 1.6169815294103327]
[2.973611901658587, 1.6173403455101527]
[2.968920630739724, 1.617525172818247]
[2.9643551571294093, 1.6170943392915822]
[2.9602776358906815, 1.6165712075739938]
[2.956676264469238, 1.61565081346247]
[2.9536227748072963, 1.6139192395693716]
[2.94902959856569, 1.6131778514339692]
[2.946452818784717, 1.6107851862563116]
[2.9413302716294836, 1.6096063490118282]
[2.9376169253038964, 1.6076422382392535]
[2.934433511279503, 1.6057377885423858]
[2.930040549453302, 1.6035829941029478]
[2.925164294138768, 1.6012502802296529]
[2.9201952707715493, 1.5987379838491709]
[2.9151391582535173, 1.5961301772636427]
[2.909671486883112, 1.593343472798089]
[2.9042302924695056, 1.590732094434285]
[2.8982381907280423, 1.5877100976370513]
[2.8916970563476134, 1.5845271205768803]
[2.884908849434475, 1.581224526138499]
[2.8780133986110883, 1.578086717951564]
[2.8711754725265495, 1.5747528111932718]
[2.863941509315437, 1.5715994628258678]
[2.8553943652284968, 1.567672425720884]
[2.847064187809728, 1.5638477872367604]
[2.8398746133176416, 1.560921149485484]
[2.831067589385029, 1.556956045857731]
[2.82264533389479, 1.553440418708544]
[2.814114231181167, 1.5499832173009735]
[2.8057013270525717, 1.546674490882324]
[2.797340038174088, 1.5435195586234596]
[2.7874608644915986, 1.5397100018024796]
[2.7782036120285283, 1.536343713836034]
[2.7686543107549375, 1.5329822347404891]
[2.759009674925427, 1.529778336571652]
[2.7493228231107145, 1.5265678746333189]
[2.739541664911377, 1.523481494375888]
[2.7283364635219285, 1.5200375434392397]
[2.7178646083472384, 1.517000857204434]
[2.707098511459356, 1.5138413935832575]
[2.69628614959778, 1.5109842329305174]
[2.6855079261111836, 1.5081206995920418]
[2.674601648661322, 1.5053787846685394]
[2.6623859261053773, 1.5024102140627993]
[2.650482471571367, 1.4996802554999844]
[2.638651015635712, 1.4970541259428007]
[2.6267618782784945, 1.4945948216846558]
[2.6153220021875345, 1.492248037058924]
[2.603116391593244, 1.490108830628745]
[2.589419000032434, 1.4876332028716306]
[2.5763222543182716, 1.4855345665396489]
[2.5632317486444527, 1.4834703404097689]
[2.5498921034754196, 1.481581087563431]
[2.5349696925855683, 1.479712437673717]
[2.5209020619374796, 1.4778990544935569]
[2.5069877955099553, 1.476540450167518]
[2.492890849645958, 1.4752191742277312]
[2.4786958795694036, 1.4739880008483075]
[2.463311099066876, 1.4729878227470123]
[2.44800053686878, 1.4720744438571411]
[2.432525999016877, 1.4713810481987881]
[2.417267409411636, 1.4709897413221182]
[2.402099332395003, 1.4706961304055013]
[2.386236908080083, 1.470659535977672]
[2.3695540506665416, 1.470695502027243]
[2.353267762209523, 1.4711827332401965]
[2.3369314761008684, 1.4717184015517488]
[2.3206807803909864, 1.4726668560800362]
[2.3038592731629053, 1.4737255281153196]
[2.2861719493890003, 1.475069503301484]
[2.2689881026650163, 1.4766169279739325]
[2.2519380208154076, 1.478523677743328]
[2.2347712149315178, 1.4807466950332968]
[2.216159146659445, 1.4832109155931223]
[2.1983364268075913, 1.485919893494281]
[2.180404646715509, 1.489001502864722]
[2.1624410220512824, 1.4922897225627914]
[2.1444735968923374, 1.495894894633777]
[2.125471765467641, 1.5000243284343964]
[2.1070700164128153, 1.5043737447771335]
[2.088530035994611, 1.508878406193992]
[2.0700609075490903, 1.5138463030153677]
[2.0516240349319674, 1.5189971078841928]
[2.0321058253746394, 1.5248967921952534]
[2.0133787458933092, 1.530775471598643]
[1.9945071757096098, 1.5370885268096668]
[1.9756779374405362, 1.5436960598009355]
[1.9569071860149199, 1.5505875414937735]
[1.9383841342714063, 1.5578235936617926]
[1.92002245299629, 1.565133451675412]
[1.9008959496861557, 1.5733514655452168]
[1.8817353144817313, 1.58166150863378]
[1.8629831522716036, 1.5904755719130645]
[1.8442300867903603, 1.5993349955377412]
[1.8259359353466387, 1.6085976729910536]
[1.8076029759038734, 1.6181141714677723]
[1.7898039979285139, 1.6277003933453893]
[1.7716389350517256, 1.6378064402206218]
[1.7536300187002745, 1.6483803827110721]
[1.7349730699062482, 1.6594772379783524]
[1.7167108972561849, 1.670849131979943]
[1.698658255918176, 1.6824500606729658]
[1.6809966755501462, 1.6942579551524986]
[1.6637067725764156, 1.7061625861998282]
[1.6463744833773493, 1.7185404203342465]
[1.6292363683768487, 1.7311814891210757]
[1.6122956701911095, 1.7440662328041743]
[1.5958181324887926, 1.7568732025625757]
[1.5795657029962296, 1.7700870396875847]
[1.563437235076754, 1.7835911786072556]
[1.547470544539875, 1.7973516225332467]
[1.531700511731684, 1.8112917726710442]
[1.5163162884704227, 1.8252636995527094]
[1.5012509033632615, 1.8395648594530851]
[1.486218852031529, 1.8540487733140871]
[1.471438906193501, 1.8688588402022963]
[1.45713467932774, 1.8835757624418812]
[1.4427346345175622, 1.898652634588595]
[1.4288177136874025, 1.9138922550045039]
[1.4150513458436969, 1.9292641494040654]
[1.4014686921650783, 1.9448986065937754]
[1.3882886872634692, 1.9604495753193354]
[1.3751479897168712, 1.9764397765495771]
[1.3622176699000919, 1.9925192489267933]
[1.351343839801655, 2.006472893788744]
[1.3390516033302977, 2.0222951591549645]
[1.3263621130279595, 2.038996752197796]
[1.3152321034607068, 2.0543605867404056]
[1.3039280472093853, 2.0703028344385137]
[1.2928997207152164, 2.08638419930773]
[1.282239707259135, 2.102214800368692]
[1.271818369996518, 2.1184874988880846]
[1.2613750626296079, 2.1348741201791124]
[1.2512177907920905, 2.151398765393227]
[1.241278158425405, 2.168050610404885]
[1.2325060710632214, 2.1832686787687607]
[1.2234884871160268, 2.1990509510360816]
[1.21349538254668, 2.217166336865048]
[1.205571275170211, 2.23194299415385]
[1.1972570259571285, 2.248125100823999]
[1.1889620999768555, 2.2643397836027117]
[1.1808444622506593, 2.2806045422026133]
[1.1730171178743318, 2.2969209365105283]
[1.165976007878687, 2.31211719862723]
[1.158875139141419, 2.327740173808641]
[1.1519489347896497, 2.3433249118409316]
[1.145075586769844, 2.3591896180115874]
[1.138285154799364, 2.3749487459877403]
[1.131820347599442, 2.3908695145455243]
[1.1254150129624787, 2.4067565504212554]
[1.1198345063690582, 2.421194600606868]
[1.1140463424102092, 2.436374065911849]
[1.1085088119750697, 2.451670401057563]
[1.1029517069518728, 2.4669085463158904]
[1.0976086493070594, 2.4821313108559098]
[1.0924768916233416, 2.4972748164363248]
[1.087439645867168, 2.5124172465976655]
[1.0830098837878164, 2.5262952844923072]
[1.0783840756677592, 2.5407805387634563]
[1.0739576645366649, 2.555342831719948]
[1.068971536296468, 2.5700346523003748]
[1.06406703548663, 2.5844844699641256]
[1.0593502626112643, 2.5988260555923866]
[1.0546520058815605, 2.613460371870567]
[1.050534983281133, 2.6265605777553276]
[1.046296060270773, 2.6402628075682872]
[1.0415525054696235, 2.6555655873475126]
[1.036603535784943, 2.671958745827539]
[1.0326030172802751, 2.6853071736847633]
[1.0287624499080785, 2.6985791771523107]
[1.02464924978131, 2.712291369078066]
[1.0206314111520367, 2.7261008634315163]
[1.0165122956205106, 2.7399010897928955]
[1.0125511188166374, 2.7536324610633898]
[1.009025123294023, 2.7659290590655896]
[1.00530294241739, 2.7785247007976137]
[1.0015699794601436, 2.791216888766364]
[0.9978326874271161, 2.8040599012342167]
[0.9940956636341793, 2.8169089657324973]
[0.9903600284238832, 2.829857137166174]
[0.9865193463472035, 2.842805132668903]
[0.9827948764651198, 2.8557086898389485]
[0.9793294571024098, 2.8674793261774285]
[0.9759590783182284, 2.879052879324251]
[0.9720379201697471, 2.892363189679088]
[0.9687683670291712, 2.9036956348279057]
[0.9651993891497103, 2.915740701464914]
[0.9634569939624723, 2.922046185781104]
[0.9611778069886242, 2.9309472550088747]
[0.9589808337622718, 2.93928574381112]
[0.9577393368647845, 2.9446596049238365]
[0.956091694728728, 2.9512464289558578]
[0.9549864103456095, 2.956608417033763]
[0.9524621592520345, 2.9670647712124576]
[0.9498117991520312, 2.978890451007053]
[0.9467851918159643, 2.991683885601719]
[0.9442058589460651, 3.002127053802842]
[0.9412053335988038, 3.0131456037607096]
[0.9382409901868748, 3.0243654428344793]
[0.9351974839275969, 3.0354742386755222]
[0.9320830747071455, 3.0466313107224043]
[0.9290300888126037, 3.057245591116517]
[0.9259158059779725, 3.0681898819345306]
[0.9227321824633954, 3.0792044154074105]
[0.9194465112704545, 3.090146389240797]
[0.9162454498936492, 3.101268808847061]
[0.9152620092582114, 3.1045445619526184]
[0.9136573847757515, 3.1100483046675835]
[0.9091262270864366, 3.125744176421114]
[0.9069355078232814, 3.1331991175824596]
[0.9053666001230394, 3.1388140584057633]
[0.9024661553773834, 3.14860852226086]
[0.899303213314323, 3.1584317745337733]
[0.8972326547094163, 3.16467347253992]
[0.8959348353729211, 3.168709450606764]
[0.8913514470748619, 3.1825634189578347]
[0.8904388112983295, 3.1855227078870274]
[0.8887639347200429, 3.190934219607665]
[0.8876755922205857, 3.194397513024444]
[0.88755242527372, 3.1946195850847645]
[0.8830389129984516, 3.2090392987042056]
[0.8791739057015715, 3.2208983887864258]
[0.8768362828910444, 3.228636184128155]
[0.8743172546287205, 3.2369365556449177]
[0.8722642406376708, 3.2434920392079283]
[0.8707300579258288, 3.2481275659420272]
[0.8679221119549705, 3.256784384777281]
[0.8645110995460867, 3.2681477211739187]
[0.8636177154345935, 3.2712954801983787]
[0.8623560524972466, 3.2750404044555124]
[0.8580215062564511, 3.289420509603587]
[0.857020244668902, 3.2927121286937067]
[0.8550988884764, 3.2993229650577294]
[0.8514877912812143, 3.3113081708339784]
[0.8489975142299514, 3.320019858200289]
[0.8472164542831232, 3.32607637275132]
[0.8458669026275758, 3.331217508727436]
[0.8433118047726315, 3.3399007266678957]
[0.8413539728548487, 3.346179869510827]
[0.839649042393161, 3.3510704536043385]
[0.8365658312188522, 3.3605321570898496]
[0.8335941627987045, 3.3702556799431864]
[0.8312381787349067, 3.3778493556628453]
[0.8287727333889239, 3.386113478535994]
[0.8262161296923384, 3.3943137155360237]
[0.8228652220345384, 3.4056665242842]
[0.8214184900333794, 3.410381390776763]
[0.8199537846661252, 3.415805359438433]
[0.8171058859162245, 3.424943889533881]
[0.8147707179719132, 3.4324635612276113]
[0.8131821516538413, 3.4375182254780987]
[0.8120568356046709, 3.4407130160051755]
[0.8105505102814966, 3.445381425958258]
[0.8098855606930632, 3.447181207667763]
[0.8092396303645142, 3.449142212488098]
[0.8078206398578508, 3.452978600586626]
[0.8049140993423595, 3.461915440251652]
[0.8021848239447198, 3.471063618994462]
[0.8000879476742473, 3.4778621164229873]
[0.7997355708382468, 3.479353157816395]
[0.7996685672549592, 3.479604589687984]
[0.795850915873276, 3.4920805938906567]
[0.7934487441444948, 3.5002199724799095]
[0.7918495757497176, 3.5058150480537784]
[0.7896479744528561, 3.5132287710242065]
[0.7875739526933161, 3.519809980982184]
[0.7853044614055594, 3.5274224575257276]
[0.7843393535730615, 3.5305816620489074]
[0.7831973823358009, 3.5341650171525787]
[0.7804592910079369, 3.5431318428702667]
[0.7795418176012876, 3.546555252707357]
[0.7775661643342405, 3.5522745137550062]
[0.7747240500364979, 3.5616210137450492]
[0.7740829821836729, 3.5638024000267863]
[0.7726171393641292, 3.5684089875238096]
[0.7694090792615229, 3.5788816240127965]
[0.7673056595797628, 3.585697433136615]
[0.7670905622673295, 3.586535784580893]
[0.7655747865230247, 3.5918532012362756]
[0.7623988058926783, 3.6023251429623393]
[0.7615043840961808, 3.605694489536913]
[0.7601088484730357, 3.611157343748302]
[0.7582795726338147, 3.617658940851661]
[0.7561004767592872, 3.6248410298436022]
[0.7543200711959847, 3.630999372617322]
[0.7524973377209929, 3.637408615311389]
[0.7505704613513337, 3.643863457587006]
[0.7498079890163047, 3.6460326064969375]
[0.7480230973183779, 3.65178797355948]
[0.7458646928122816, 3.658707323327013]
[0.7454397928194233, 3.6601955413281533]
[0.7439391011552383, 3.6649845538630634]
[0.7411531972172802, 3.6739859347679795]
[0.7393344921693252, 3.6802245565289486]
[0.739407334678356, 3.679986850029257]
[0.738114421552376, 3.684366996866453]
[0.7352497860344308, 3.694072900953548]
[0.734656129812611, 3.695953996763041]
[0.7334738910800614, 3.700330719258854]
[0.7312778325550215, 3.7079086253982787]
[0.7294866911463601, 3.713639560215951]
[0.7278971992548202, 3.718979811375782]
[0.7257712311246156, 3.7259235812938063]
[0.7243401499434236, 3.730820228884302]
[0.7227055402022788, 3.7364227274952837]
[0.7222527352199023, 3.7379250937315196]
[0.7207795563808774, 3.742614051993677]
[0.7189652206740542, 3.7486067254764763]
[0.718673608519193, 3.7495288655548986]
[0.7173248233768302, 3.7540533461357195]
[0.7153518756454493, 3.7611454353573577]
[0.7138890688705835, 3.7663293365480066]
[0.7141227782110832, 3.7654306691067716]
[0.7126723683563587, 3.7702412417221183]
[0.7103884321239553, 3.7785094270969353]
[0.7088090242967188, 3.7838754602262528]
[0.7088363371507364, 3.7839114830085516]
[0.7074812436559161, 3.7886896695963523]
[0.7053431271487207, 3.7962703094148713]
[0.7045157807482221, 3.7989246631911735]
[0.7037355480405851, 3.802023448933374]
[0.7022262038498951, 3.807723080218822]
[0.7019575322506538, 3.808658446949033]
[0.7007416005543292, 3.813063343647442]
[0.6989614714364452, 3.819157738142109]
[0.6973624022039169, 3.8248871143257843]
[0.697076468175702, 3.8258005890343845]
[0.6960453049109248, 3.829289257049417]
[0.6939477259212297, 3.836252731929553]
[0.6934605579261789, 3.8377435396804205]
[0.6918946851868143, 3.842313178223496]
[0.6904539979727959, 3.847200640117018]
[0.6890579975694527, 3.8517631232877068]
[0.6891302914970652, 3.85157253836318]
[0.6878647869545651, 3.85603302329077]
[0.6858476341209494, 3.8626528196421144]
[0.6862194330319519, 3.8616443686928266]
[0.6848178781976034, 3.8662410012885835]
[0.6829173539306841, 3.8729506514888077]
[0.6816566692873809, 3.8772824404610358]
[0.680315091234537, 3.8819888272415706]
[0.6789770987142437, 3.8865709874487067]
[0.6776388059242386, 3.8912470954501446]
[0.6763007404010938, 3.895823266981905]
[0.6749795188613318, 3.900346060579422]
[0.6738414236144, 3.9042688848409948]
[0.6724084174129075, 3.908834266466433]
[0.671033739919177, 3.913445586295766]
[0.669694646110008, 3.918042292065248]
[0.6683527261540724, 3.922648589646453]
[0.6670031436944578, 3.9272934852761883]
[0.6668710597901658, 3.927474637734805]
[0.6656212563605192, 3.9316933347481453]
[0.6641222083874899, 3.9368143578088155]
[0.6628434503994423, 3.941237915596601]
[0.6618773892247226, 3.9443360461594925]
[0.6604864383736195, 3.9489121384920414]
[0.6604866809278637, 3.9488923797911726]
[0.6593259158720771, 3.952933077527211]
[0.6577425430454594, 3.958346573994242]
[0.658200266435129, 3.956915540347876]
[0.6566383367320549, 3.961963121906921]
[0.6551685496445303, 3.9673662291257084]
[0.6556380848808412, 3.9657404583930234]
[0.6540042195719017, 3.971158709248411]
[0.6526052171747148, 3.97630099783812]
[0.6515211132097707, 3.9798106838397582]
[0.6516144881149886, 3.979433003768003]
[0.6504929467772639, 3.983310666503726]
[0.6503666672931322, 3.983783885723311]
[0.6500217269591033, 3.984988782369687]
[0.6500527103993277, 3.9848887997923956]
[0.6491461052643449, 3.9880087928521184]
[0.6482641398790921, 3.9907591227011645]
[0.6473332085454762, 3.993373356010283]
[0.6475035628828846, 3.9931078709170786]
[0.6464691940506238, 3.9960315478228194]
[0.6446548671311363, 4.0013563381721164]
[0.6448144137197194, 4.0008804186869344]
[0.6437371247439739, 4.004236358671606]
[0.6419531763344811, 4.009998194070523]
[0.6408138819301051, 4.013556085347236]
[0.6412009060445263, 4.012183746777477]
[0.6397828378145813, 4.016844628665264]
[0.6381840192671498, 4.022272574651309]
[0.6372397189973044, 4.02545043329682]
[0.6361074370883804, 4.029071002749575]
[0.6349739033342678, 4.032780506291841]
[0.6339824499128991, 4.036151992247668]
[0.6329011426234827, 4.0399097278029]
[0.6318345458459913, 4.043624797886274]
[0.6319658623439206, 4.0430190227552005]
[0.631570373039603, 4.044427654660392]
[0.6316933333333333, 4.044151111111111]
[0.63048283067266, 4.048113981686205]
[0.6292909989058776, 4.052617202752335]
[0.6296849232863131, 4.051112593917451]
[0.628470620027598, 4.05558131479164]
[0.6272900750540409, 4.05964323360228]
[0.6265898696381027, 4.062166892464437]
[0.626818662114743, 4.061506715533438]
[0.625748558721777, 4.0649523131405525]
[0.6245882907139628, 4.069331406885389]
[0.6239203164765398, 4.071485748731139]
[0.6237946492443907, 4.07185008446225]
[0.6229771847935505, 4.074770844880952]
[0.6220073957214626, 4.077961693336924]
[0.6221414919847591, 4.077665481423729]
[0.6212568780377363, 4.080376464176207]
[0.6199540627576303, 4.084874350017926]
[0.6203349944982635, 4.083702377761326]
[0.6192817600098287, 4.0869729615352455]
[0.6179627046314302, 4.091334057292729]
[0.617370920286693, 4.093630032780569]
[0.6177422222222222, 4.092202222222222]
[0.6162727863811667, 4.097189100815625]
[0.6150926271046955, 4.100926116150872]
[0.6144012487514527, 4.103507325435987]
[0.6147743170067936, 4.102154731154327]
[0.6132727068261091, 4.107403872344545]
[0.6135619684372002, 4.106110708798078]
[0.6123841545711349, 4.110034843490991]
[0.6127660408412827, 4.1088473636332346]
[0.6116553584525601, 4.112816415454622]
[0.6104136406778297, 4.116763191276567]
[0.6104302368213599, 4.116735468298829]
[0.6096104232456444, 4.119766387325339]
[0.6081936643613236, 4.124268099731283]
[0.6080696528048258, 4.124826607797]
[0.6072520473040356, 4.127643624853469]
[0.6062728282984424, 4.130785821876559]
[0.6056264544160237, 4.1331207824106295]
[0.6048081024297969, 4.13599489407296]
[0.604038179179885, 4.138785240118192]
[0.6032666715148077, 4.141595362229516]
[0.6035093157977078, 4.140431930719416]
[0.6025848842498759, 4.143883582883291]
[0.6012940289494149, 4.148306999628328]
[0.6006028715964565, 4.150816178223289]
[0.5998437832918879, 4.153581596428501]
[0.5989801377301973, 4.156242536721499]
[0.5982349568780349, 4.158940153474561]
[0.5976748978140299, 4.161042614853509]
[0.597022482838729, 4.163151464902028]
[0.5962869167731393, 4.165550294621068]
[0.5954320474801057, 4.16842836394881]
[0.5946667022210169, 4.17121407829696]
[0.5939084997080861, 4.173890161407659]
[0.5930431730988553, 4.176575878471199]
[0.5922769543938925, 4.179256889317085]
[0.5914938723143719, 4.182104832927712]
[0.591947803074857, 4.180576349981264]
[0.5907450146213913, 4.184637064449746]
[0.5898638347916104, 4.187475146056294]
[0.5903177777777778, 4.185942222222223]
[0.589113196662782, 4.19009329346757]
[0.588342686157738, 4.192901014740432]
[0.5879341116616683, 4.194206429670116]
[0.5882127620727581, 4.193214046342896]
[0.5870100563813914, 4.197385200060729]
[0.5861402355137806, 4.200175342243556]
[0.5857454207086061, 4.201826022492104]
[0.5851731214021596, 4.203724334360133]
[0.5842298522357243, 4.207064676375682]
[0.583732975253478, 4.208723413022185]
[0.5837147547916401, 4.2086567108883015]
[0.582778205299678, 4.212083257061481]
[0.58281685661263, 4.211651953524131]
[0.5821994455146564, 4.214007101073618]
[0.582359870927055, 4.213270147522156]
[0.5814787277353097, 4.2162951512990965]
[0.5815544319109276, 4.2162249445149556]
[0.5811060150745068, 4.2179034310040615]
[0.5802634877094837, 4.220894217052572]
[0.5796963190575002, 4.222719667370143]
[0.5792014321939443, 4.224340951770298]
[0.5786855712041952, 4.226186783588674]
[0.5782102874246242, 4.228108680049923]
[0.5783260072405555, 4.227379064581709]
[0.5776204008913344, 4.230084909614742]
[0.5777839817047932, 4.229482966140802]
[0.5774354108660162, 4.2305777327365774]
[0.5763429220280115, 4.234555132546771]
[0.5760318909264925, 4.235796544181851]
[0.575542723390826, 4.237646958280673]
[0.5757888888888889, 4.236804444444444]
[0.5749555612462752, 4.239495484753999]
[0.5753022222222222, 4.238551111111111]
[0.5748410145479638, 4.240045255114858]
[0.574927129406318, 4.239661478303642]
[0.5741907862343164, 4.242377139164545]
[0.5744520435251006, 4.241467402985985]
[0.573729461767344, 4.244134545868661]
[0.5727839839340828, 4.247401969936015]
[0.5727972595936814, 4.247125570610997]
[0.5725756506830244, 4.248256632810003]
[0.5726320818469666, 4.247887413723455]
[0.5721998204585218, 4.24944775275328]
[0.571391976110116, 4.252311539330509]
[0.5708816607891889, 4.253847425021767]
[0.570953611606977, 4.253668037119201]
[0.5706291301639965, 4.254784929344915]
[0.5702377246207558, 4.256280719975541]
[0.5698387845621385, 4.257574806047443]
[0.5693820780294212, 4.258815838337991]
[0.5689309063251257, 4.260371067421828]
[0.5692055282835562, 4.259612123647396]
[0.5687307266980075, 4.260910586573991]
[0.5681252325124919, 4.262861701998495]
[0.5675751682258946, 4.264957940613606]
[0.5677633366336764, 4.264016577308844]
[0.5675392347933975, 4.264948328610763]
[0.5668008567646122, 4.267451185581951]
[0.5670947073491072, 4.266516420626219]
[0.5664929138187402, 4.268328369914911]
[0.566615480958019, 4.267744657415424]
[0.566091777190369, 4.269716403314962]
[0.5653789515402928, 4.271901712886907]
[0.564809644109461, 4.273728950933926]
[0.5642369987155779, 4.275541609497518]
[0.5637668826051988, 4.277458127386745]
[0.5631933115448746, 4.279284045252445]
[0.5626019011545409, 4.2811543855324095]
[0.5629799999999999, 4.2800955555555555]
[0.5622285130026127, 4.282657039768781]
[0.5616612035884675, 4.284459505772722]
[0.5610699187293265, 4.286434323903456]
[0.5614527358933583, 4.285260705354442]
[0.5606014859749656, 4.287913147531718]
[0.5601168579128991, 4.289773749937701]
[0.5603943362193377, 4.2887102923933575]
[0.5596462886058119, 4.291362366364084]
[0.5590756277057696, 4.29317426856689]
[0.5584849069333987, 4.2951492522314725]
[0.5588670795282692, 4.29397544438307]
[0.5580166136335412, 4.296623674071444]
[0.5575465024934906, 4.298540179311373]
[0.5569630576924042, 4.300396678721028]
[0.5572382181502448, 4.299426563582791]
[0.5564883975940222, 4.301998969297169]
[0.5559145110944097, 4.303818350908578]
[0.5558037171554105, 4.304227102467339]
[0.5560004691802897, 4.303722127577673]
[0.555185439781401, 4.306293851291562]
[0.5553638371430484, 4.305834822857541]
[0.554817053237016, 4.307854594570982]
[0.5547547740174106, 4.307784262249385]
[0.554323859328933, 4.309195407844001]
[0.5543934777566291, 4.30905522036171]
[0.554028463180263, 4.310241529275143]
[0.5538618488838896, 4.311050748305324]
[0.553499659336765, 4.312291661723904]
[0.5537136721510255, 4.311814777952083]
[0.5532036738743662, 4.313606396201438]
[0.5525465648212554, 4.315880057341837]
[0.5528640270931301, 4.314920585913738]
[0.5521957712871082, 4.31748209137641]
[0.5516892959873453, 4.319396469347963]
[0.5514503454547073, 4.320012164855101]
[0.5516159673840433, 4.319441464257901]
[0.5507652920152551, 4.32246039527721]
[0.5503280962101841, 4.324108803356913]
[0.5502926824036686, 4.324435812700432]
[0.5504666666666667, 4.323851111111111]
[0.5496590000402845, 4.326580377014757]
[0.5491697386822147, 4.328539658343614]
[0.549412877114668, 4.327487412400469]
[0.5486007854030716, 4.330319894827163]
[0.5481190116221298, 4.332153606172809]
[0.5478922959425252, 4.332872643404801]
[0.5480723948088437, 4.332274817529635]
[0.5472543850536571, 4.335116028675001]
[0.5467714618187356, 4.336953609658793]
[0.5466549369158129, 4.33734634454825]
[0.5463720913610026, 4.338279502346358]
[0.5457186721950806, 4.340669412339061]
[0.5455946993609395, 4.341104302453915]
[0.5456789978742614, 4.340597021864486]
[0.5450217682869135, 4.3429852179515365]
[0.5444843751499056, 4.345026117929896]
[0.5440569354419569, 4.346219273189699]
[0.5440323920966919, 4.346516429221382]
[0.5437402565139365, 4.347276134875655]
[0.5434425598420807, 4.348510005591878]
[0.5432841223774905, 4.348917590548814]
[0.5430949562431128, 4.349576628177122]
[0.5429002968940841, 4.350254896309299]
[0.5427012367983376, 4.350950954385916]
[0.5428133333333333, 4.350537777777778]
[0.5425270896397897, 4.351464279687629]
[0.5420017236566085, 4.353218996015046]
[0.5422513677330029, 4.352406093764576]
[0.5419213901751951, 4.353577848328722]
[0.5412287312218703, 4.355964928931772]
[0.5411024747475429, 4.35634654949673]
[0.5412872702209629, 4.355788185333508]
[0.5409316345502091, 4.35685241431793]
[0.5401592857144233, 4.359481169164596]
[0.5404228161721406, 4.358459293620551]
[0.5401539270399236, 4.359678642606019]
[0.5398614933329317, 4.36055135943232]
[0.5400494858956958, 4.359979294518265]
[0.5395834159923822, 4.36138904913413]
[0.5392948777155117, 4.362254477322246]
[0.5390002726595189, 4.363236977620692]
[0.5391822222222222, 4.3626644444444445]
[0.5388177478477253, 4.364070222541024]
[0.538522494881741, 4.3650525331762475]
[0.5387088888888889, 4.36448]
[0.538235525625503, 4.365912444763246]
[0.5384177777777778, 4.365353333333333]
[0.5380456608676337, 4.366468594958949]
[0.537859343046693, 4.367428697033551]
[0.5375729820721754, 4.368284341923537]
[0.537274975210273, 4.369276265917807]
[0.5374666666666666, 4.3686799999999995]
[0.5369968452262306, 4.370209496453883]
[0.5367016418769396, 4.371091821473363]
[0.5368933333333333, 4.370495555555555]
[0.5364191109399581, 4.372020620266228]
[0.5362327964201883, 4.372980723029028]
[0.5359439098755058, 4.373846047574144]
[0.5356575987378501, 4.374801706511093]
[0.535371287505248, 4.375757365280543]
[0.535085244326374, 4.376713101551922]
[0.5347900440394053, 4.377695426555201]
[0.5349766666771077, 4.3771081017990925]
[0.5345078218171831, 4.378628759888534]
[0.5343217786148088, 4.379484495478195]
[0.5340357354587829, 4.38044023065158]
[0.5337497355598064, 4.3813959778110805]
[0.5334630688931398, 4.382351533366635]
[0.5331671583424045, 4.383333653637712]
[0.5333522353105301, 4.382745883353603]
[0.5328846676532971, 4.384266909777563]
[0.5326944917522264, 4.385144956116204]
[0.5327744828323273, 4.384661446188017]
[0.5324078682369865, 4.386100524040096]
[0.5324888888888889, 4.385611111111111]
[0.5322597358036638, 4.386617042749492]
[0.5319284011191947, 4.387619799948199]
[0.5321155555555556, 4.387126666666666]
[0.5316286068139063, 4.38862360586988]
[0.5318244444444444, 4.388086666666667]
[0.5314964414120132, 4.389288482677732]
[0.5311796076996261, 4.390349820790226]
[0.5308785246977425, 4.391355708519668]
[0.5310405341966902, 4.39073390566206]
[0.5307813339870787, 4.3916891786570496]
[0.5305526610653739, 4.3925080233135665]
[0.5302804253713789, 4.393218147717767]
[0.5303866666666667, 4.392773333333333]
[0.5302691993823571, 4.39350825205156]
[0.5300814510235728, 4.3938612509835195]
[0.5301973563823416, 4.3936474220136565]
[0.52998701579434, 4.394243779921897]
[0.5301044444444444, 4.394015555555556]
[0.529870642823973, 4.394818318917259]
[0.5299088888888889, 4.394493333333333]
[0.5297662907421106, 4.395337161392932]
[0.5293800784649084, 4.39644437510701]
[0.5291938810814701, 4.3972896946164175]
[0.5288938506224925, 4.398281058382495]
[0.5290559991459487, 4.397728139653318]
[0.5287086754403659, 4.399028395110518]
[0.528414606645633, 4.400000653095921]
[0.5285782339964431, 4.399443698710642]
[0.5282293764277703, 4.4008479740571005]
[0.5279334847050406, 4.40173010287398]
[0.5280977777777778, 4.401173333333333]
[0.5277512624828185, 4.402563436207314]
[0.527464003142712, 4.4035232712133965]
[0.5271654228256237, 4.404415031464482]
[0.5273333333333333, 4.403848888888889]
[0.5269743521359936, 4.40527504274595]
[0.5271466666666667, 4.404708888888888]
[0.5266879848475051, 4.406135126243088]
[0.5268555555555555, 4.405564444444445]
[0.5265033393635593, 4.407078165289135]
[0.5262161085636852, 4.407933563590297]
[0.5259202097044321, 4.408920134383622]
[0.5260911111111111, 4.40824]
[0.5257380283620797, 4.409749034695893]
[0.5254421294662156, 4.410735605361581]
[0.5256177777777779, 4.410055555555555]
[0.525157518219965, 4.411574209815107]
[0.5249702405315908, 4.412534038849419]
[0.5246832269242526, 4.41338949714384]
[0.5243962132215964, 4.41434495527663]
[0.524100088131397, 4.415331461766373]
[0.5242728479654055, 4.414651848693828]
[0.5239065333948517, 4.416196718076643]
[0.5240861817142295, 4.415607404366237]
[0.5236287975816286, 4.417125618767718]
[0.5233417803346786, 4.41808552010985]
[0.523050052022105, 4.418940901645268]
[0.5228609377627873, 4.419906157032782]
[0.5225719145987315, 4.420871437999814]
[0.5222790696889272, 4.4218440346103876]
[0.522456313755053, 4.42126443274188]
[0.5220012919111494, 4.422772923499276]
[0.5217050705088572, 4.423754957970238]
[0.5218785243132846, 4.423175540566324]
[0.521522848286635, 4.424683846859128]
[0.5212331497024022, 4.425648937266941]
[0.5209400026984446, 4.4266214484221305]
[0.5211185059783872, 4.426042202056319]
[0.520659816369069, 4.427564492822496]
[0.5203666693651112, 4.428432559533241]
[0.5205478928744802, 4.427948134704212]
[0.520084447142889, 4.429365892866574]
[0.519898092154051, 4.430321536581501]
[0.5196021822792396, 4.43129921413029]
[0.5197834484300359, 4.430814801370879]
[0.5193070675645943, 4.432283557026209]
[0.5195022222222222, 4.431751111111112]
[0.5190231272385823, 4.433229491403738]
[0.5192155555555555, 4.432711111111111]
[0.5187552079358179, 4.434022047590689]
[0.5189271550901957, 4.433561485499463]
[0.5185610048241832, 4.4349110932243105]
[0.5186377777777778, 4.434426666666667]
[0.5182914883741992, 4.435800502557009]
[0.5179816573313569, 4.436721758682197]
[0.5181409156154174, 4.436414014912859]
[0.5178794483840077, 4.437274596073345]
[0.5176515739031996, 4.4381815159309115]
[0.5176476107320572, 4.437890227001383]
[0.517556705990267, 4.438413897130303]
[0.5173121051131364, 4.439058900995137]
[0.5173955555555555, 4.438835555555555]
[0.5171461364170162, 4.439530723865325]
[0.5173, 4.439308888888888]
[0.5170428276337425, 4.440146607726343]
[0.5171117242715328, 4.439777077057433]
[0.5168396026856521, 4.4406580705923275]
[0.5169133333333333, 4.440368888888889]
[0.5167823470258015, 4.440916278133122]
[0.5165182811699581, 4.441628514134832]
[0.516631111111111, 4.441315555555556]
[0.5163387993963298, 4.442263574634939]
[0.51644, 4.441884444444444]
[0.5161254895248392, 4.443011312880965]
[0.5157825133217738, 4.444062997974672]
[0.5158790223747473, 4.44375573337782]
[0.5158694540363855, 4.443781507436292]
[0.5155010742258241, 4.445204987818958]
[0.5156738919401553, 4.4446637277625625]
[0.5156827838854153, 4.444641506425692]
[0.5152144075591575, 4.446064987818958]
[0.5153872257006145, 4.4455237278862265]
[0.5153916697179332, 4.44550150554034]
[0.5150235929160398, 4.446925073698069]
[0.5151961137353775, 4.446388172083401]
[0.5152077838803107, 4.44625189996957]
[0.5147341454203289, 4.447799123713284]
[0.5149122283247551, 4.447138566636237]
[0.5149138888836683, 4.447125949100454]
[0.5145477782893912, 4.4485592103777405]
[0.5146183333281128, 4.448008171322676]
[0.5147272222170016, 4.447985949100453]
[0.5142567089790365, 4.449419222463712]
[0.5144316662349078, 4.44886817119935]
[0.5144405524937328, 4.448845948217143]
[0.5139703418141229, 4.450279309000676]
[0.5141449969381773, 4.449728170439365]
[0.5141494409565452, 4.449705948094097]
[0.5137792307030119, 4.451139309000675]
[0.5139538854009896, 4.450588170316319]
[0.5139627742898785, 4.450565948094097]
[0.5134928635493042, 4.451999395437657]
[0.5136672161036827, 4.451448169557076]
[0.5136761045669572, 4.451425947212088]
[0.5132034256490137, 4.4528690037811245]
[0.5133805490114016, 4.45230816943431]
[0.5133849869184317, 4.452281500884534]
[0.5130135668668709, 4.453829364084611]
[0.5131866666666667, 4.4531777777777775]
[0.5131955555555556, 4.453151111111111]
[0.5127269421282469, 4.454684931672274]
[0.5128999999999999, 4.454133333333333]
[0.5129088888888889, 4.454111111111111]
[0.5124374749497013, 4.455554531623063]
[0.5126133333333334, 4.454993333333333]
[0.5126177777777777, 4.4549666666666665]
[0.5122508082830346, 4.456514531623063]
[0.5123266666666667, 4.455853333333334]
[0.5123311111111112, 4.455826666666667]
[0.5119597395234818, 4.4573700993322625]
[0.5121355555555556, 4.456808888888888]
[0.5121444444444445, 4.4567822222222215]
[0.511673336140527, 4.458330174841595]
[0.5118488888888889, 4.457664444444445]
[0.5118461307285681, 4.457774056548878]
[0.5118577777777777, 4.4577422222222225]
[0.5113836052547538, 4.459195254717072]
[0.5115622222222223, 4.458624444444444]
[0.5115567120133614, 4.458643670406015]
[0.5115594736519044, 4.458629614851075]
[0.5115594767076588, 4.45872961572409]
[0.5115594828194885, 4.4587296174670605]
[0.5115594858755624, 4.458729618337016]
[0.5115594893513074, 4.458729619325162]
[0.5115594924071276, 4.458729620192802]
[0.5115594958815676, 4.458729621178028]
[0.5115594989371307, 4.4587296220433545]
[0.5115595019927958, 4.458729622907662]
[0.5115622222222223, 4.4587200000000005]
[0.5115622222222223, 4.458715555555556]
[0.5115594958815676, 4.458825176733583]
[0.5115622222222223, 4.458815555555556]
[0.5115622222222223, 4.458815555555556]
[0.5115594924071276, 4.458825175748358]
[0.5115639399074956, 4.458825176614979]
[0.5114666666666666, 4.458815555555556]
[0.5114639372705514, 4.458825175867237]
[0.5114639429635219, 4.4588251774805805]
[0.5114639464372401, 4.458825178463218]
[0.5114639494930062, 4.458825179326506]
[0.5114639529654129, 4.458825180306228]
[0.5114639560209154, 4.4588207367227595]
[0.5114639594920073, 4.45892073769957]
[0.5114666666666666, 4.458911111111111]
[0.5114666666666666, 4.458911111111111]
[0.5114639525488727, 4.45892073574433]
[0.5114639560209154, 4.458920736722759]
[0.5114666666666666, 4.458911111111111]
[0.5114639560209154, 4.458920736722759]
[0.5114666666666666, 4.458911111111111]
[0.5114639529654129, 4.458920735861783]
[0.5114639564368695, 4.458920736839886]
[0.5114666666666666, 4.458911111111111]
[0.5114666666666666, 4.458911111111111]
[0.5114639556048387, 4.458920736605579]
[0.5114666666666666, 4.458911111111111]
