[-0.475, -0.475, 0.0]
[-0.5249999999999989, -0.475, 0.0]
[-0.5749999999999996, -0.475, 0.0]
[-0.6250000000000003, -0.475, 0.0]
[-0.6749999999999993, -0.475, 0.0]
[-0.725, -0.475, 0.0]
[-0.7749999999999989, -0.475, 0.0]
[-0.8249999999999996, -0.475, 0.0]
[-0.8750000000000003, -0.475, 0.0]
[-0.9249999999999993, -0.475, 0.0]
[-0.975, -0.475, 0.0]
[-1.024999999999999, -0.475, 0.0]
[-1.0749999999999997, -0.475, 0.0]
[-1.1250000000000004, -0.475, 0.0]
[-1.1749999999999994, -0.475, 0.0]
[-1.225, -0.475, 0.0]
[-1.274999999999999, -0.475, 0.0]
[-1.3249999999999997, -0.475, 0.0]
[-1.3750000000000004, -0.475, 0.0]
[-1.4249999999999994, -0.475, 0.0]
[-1.475, -0.475, 0.0]
[-1.524999999999999, -0.475, 0.0]
[-1.5749999999999997, -0.475, 0.0]
[-1.6250000000000004, -0.475, 0.0]
[-1.6749999999999994, -0.475, 0.0]
[-1.725, -0.475, 0.0]
[-1.774999999999999, -0.475, 0.0]
[-1.8249999999999997, -0.475, 0.0]
[-1.8750000000000004, -0.475, 0.0]
[-1.9249999999999994, -0.475, 0.0]
