[0.5750000000000007, 2.8750000000000013, 0.0]
[0.5750000000000007, 2.8250000000000006, 0.0]
[0.5750000000000007, 2.775, 0.0]
[0.5750000000000007, 2.725000000000001, 0.0]
[0.5750000000000007, 2.6750000000000003, 0.0]
[0.5750000000000007, 2.6250000000000013, 0.0]
[0.5750000000000007, 2.5750000000000006, 0.0]
[0.5750000000000007, 2.525, 0.0]
[0.5750000000000007, 2.475000000000001, 0.0]
[0.5750000000000007, 2.4250000000000003, 0.0]
[0.5750000000000007, 2.3750000000000013, 0.0]
[0.5750000000000007, 2.3250000000000006, 0.0]
[0.5750000000000007, 2.275, 0.0]
[0.5750000000000007, 2.225000000000001, 0.0]
[0.5750000000000007, 2.1750000000000003, 0.0]
[0.5750000000000007, 2.1250000000000013, 0.0]
[0.5750000000000007, 2.0750000000000006, 0.0]
[0.5750000000000007, 2.025, 0.0]
[0.5750000000000007, 1.975000000000001, 0.0]
[0.5750000000000007, 1.9250000000000003, 0.0]
[0.5750000000000007, 1.8750000000000013, 0.0]
[0.5750000000000007, 1.8250000000000006, 0.0]
[0.5750000000000007, 1.775, 0.0]
[0.5750000000000007, 1.725000000000001, 0.0]
[0.525, 1.6750000000000003, 0.0]
[0.525, 1.6250000000000013, 0.0]
[0.525, 1.5750000000000006, 0.0]
[0.525, 1.525, 0.0]
[0.525, 1.475000000000001, 0.0]
[0.525, 1.4250000000000003, 0.0]
[0.525, 1.3750000000000013, 0.0]
[0.525, 1.3250000000000006, 0.0]
[0.525, 1.275, 0.0]
[0.525, 1.225000000000001, 0.0]
[0.525, 1.1750000000000003, 0.0]
[0.525, 1.1250000000000013, 0.0]
[0.525, 1.0750000000000006, 0.0]
[0.525, 1.025, 0.0]
[0.525, 0.9750000000000011, 0.0]
[0.525, 0.9250000000000004, 0.0]
[0.525, 0.8750000000000014, 0.0]
[0.525, 0.8250000000000007, 0.0]
[0.525, 0.775, 0.0]
[0.525, 0.7250000000000011, 0.0]
[0.525, 0.6750000000000004, 0.0]
[0.525, 0.6250000000000014, 0.0]
[0.525, 0.5750000000000007, 0.0]
[0.4750000000000011, 0.525, 0.0]
[0.4250000000000004, 0.4750000000000011, 0.0]
[0.37500000000000144, 0.4250000000000004, 0.0]
[0.32500000000000073, 0.37500000000000144, 0.0]
[0.275, 0.32500000000000073, 0.0]
[0.22500000000000106, 0.275, 0.0]
[0.17500000000000035, 0.22500000000000106, 0.0]
[0.12500000000000142, 0.17500000000000035, 0.0]
[0.0750000000000007, 0.12500000000000142, 0.0]
[0.025, 0.0750000000000007, 0.0]
[-0.024999999999998933, 0.025, 0.0]
[-0.07499999999999965, -0.024999999999998933, 0.0]
